Coefficients: [9457.8161497]
Intercept: 25760.85693098126
